16
Cnidaria        0.0000000 0.6108605 0.7192064 1.0094185 0.8486438 0.3631515 0.4359510 0.1749095 0.2832555 0.2169483 0.3448377 0.3448377 0.6998814 0.6998814 0.6998814 0.6998814 
Arthropoda      0.6108605 0.0000000 0.1045616 0.2757082 0.3405504 0.3263655 0.2757082 0.4176372 0.6462670 0.6998814 1.0729586 1.0729586 0.7440027 0.7440027 0.7440027 0.7440027 
Onychophora     0.7192064 0.1045616 0.0000000 0.2286298 0.2871886 0.2757082 0.2286298 0.5610448 0.7440027 0.6998814 1.0729586 0.9241962 0.9969958 0.9969958 0.7440027 0.7440027 
Kinorhyncha     1.0094185 0.2757082 0.2286298 0.0000000 0.0341955 0.5065590 0.4409323 0.7440027 1.1719053 0.9241962 1.5350567 1.2647467 0.9969958 0.9969958 0.7440027 0.7440027 
Priapulida      0.8486438 0.3405504 0.2871886 0.0341955 0.0000000 0.6108605 0.5323385 0.6462670 0.9969958 1.0729586 1.9971548 1.5350567 1.0849709 1.0849709 0.7947589 0.7947589 
Mollusca        0.3631515 0.3263655 0.2757082 0.5065590 0.6108605 0.0000000 0.0330646 0.2996834 0.4176372 0.3405504 0.5323385 0.4620981 0.6462670 0.6462670 0.6462670 0.6462670 
Annelida        0.4359510 0.2757082 0.2286298 0.4409323 0.5323385 0.0330646 0.0000000 0.3560550 0.4854923 0.3985580 0.6108605 0.5323385 0.7440027 0.7440027 0.7440027 0.7440027 
Echinodermata   0.1749095 0.4176372 0.5610448 0.7440027 0.6462670 0.2996834 0.3560550 0.0000000 0.1545344 0.4854923 0.4176372 0.4176372 0.3730772 0.3730772 0.3730772 0.3730772 
Enteropneusta   0.2832555 0.6462670 0.7440027 1.1719053 0.9969958 0.4176372 0.4854923 0.1545344 0.0000000 0.2201611 0.1780419 0.3133358 0.3405504 0.3405504 0.3985580 0.3985580 
Urochordata     0.2169483 0.6998814 0.6998814 0.9241962 1.0729586 0.3405504 0.3985580 0.4854923 0.2201611 0.0000000 0.0977356 0.2553282 0.4216817 0.4216817 0.4832639 0.4832639 
Cephalochordata 0.3448377 1.0729586 1.0729586 1.5350567 1.9971548 0.5323385 0.6108605 0.4176372 0.1780419 0.0977356 0.0000000 0.1337805 0.3811909 0.3811909 0.4409323 0.4409323 
Vertebrata      0.3448377 1.0729586 0.9241962 1.2647467 1.5350567 0.4620981 0.5323385 0.4176372 0.3133358 0.2553282 0.1337805 0.0000000 0.6610934 0.6610934 0.7542681 0.7542681 
Vetulicola      0.6998814 0.7440027 0.9969958 0.9969958 1.0849709 0.6462670 0.7440027 0.3730772 0.3405504 0.4216817 0.3811909 0.6610934 0.0000000 0.0000010 0.1113694 0.1113694 
Beidazoon       0.6998814 0.7440027 0.9969958 0.9969958 1.0849709 0.6462670 0.7440027 0.3730772 0.3405504 0.4216817 0.3811909 0.6610934 0.0000010 0.0000000 0.1113694 0.1113694 
Pomatrum        0.6998814 0.7440027 0.7440027 0.7440027 0.7947589 0.6462670 0.7440027 0.3730772 0.3985580 0.4832639 0.4409323 0.7542681 0.1113694 0.1113694 0.0000000 0.0000010 
Xidazoon        0.6998814 0.7440027 0.7440027 0.7440027 0.7947589 0.6462670 0.7440027 0.3730772 0.3985580 0.4832639 0.4409323 0.7542681 0.1113694 0.1113694 0.0000010 0.0000000 
