14
Cycloneuralia   0.0000000 0.3283177 0.3283177 0.2703101 0.6712032 0.7324082 0.5734675 0.9241962 0.7324082 1.9269145 9.0000000 0.2975247 0.2268839 0.3448377 
Aysheaia        0.3283177 0.0000000 0.0000010 0.1083460 0.4854923 0.6998814 0.4176372 0.6462670 0.8026485 9.0000000 2.2214697 0.2169483 0.2477090 0.1994953 
Xenusion        0.3283177 0.0000010 0.0000000 0.1045616 0.4620981 0.6610934 0.3985580 0.6108605 0.8626140 9.0000000 2.7069620 0.2078531 0.2871886 0.2377833 
Hadranax        0.2703101 0.1083460 0.1045616 0.0000000 0.2871886 0.4409323 0.3405504 0.3985580 0.7542681 9.0000000 1.7827658 0.2585104 0.3405504 0.3985580 
Jianshanopodia  0.6712032 0.4854923 0.4620981 0.2871886 0.0000000 0.2871886 0.5610448 0.3405504 0.4620981 1.2647467 0.7947589 0.6864129 0.8585695 0.6462670 
Magadictyon     0.7324082 0.6998814 0.6610934 0.4409323 0.2871886 0.0000000 0.6108605 0.3985580 0.3263655 0.8626140 0.7440027 0.7947589 0.6998814 0.6998814 
Kerygmachela    0.5734675 0.4176372 0.3985580 0.3405504 0.5610448 0.6108605 0.0000000 0.1124151 0.4620981 0.8026485 1.0849709 0.7324082 0.6462670 0.5610448 
Pambdelurion    0.9241962 0.6462670 0.6108605 0.3985580 0.3405504 0.3985580 0.1124151 0.0000000 0.3405504 0.5323385 0.6864129 0.9241962 0.8585695 0.6462670 
Opabinia        0.7324082 0.8026485 0.8626140 0.7542681 0.4620981 0.3263655 0.4620981 0.3405504 0.0000000 0.3811909 0.4176372 1.2972734 0.6998814 0.6998814 
Anomalocaris    1.9269145 9.0000000 9.0000000 9.0000000 1.2647467 0.8626140 0.8026485 0.5323385 0.3811909 0.0000000 0.1994953 9.0000000 9.0000000 9.0000000 
CCT             9.0000000 2.2214697 2.7069620 1.7827658 0.7947589 0.7440027 1.0849709 0.6864129 0.4176372 0.1994953 0.0000000 9.0000000 1.6106092 1.6106092 
Onychodictyon   0.2975247 0.2169483 0.2078531 0.2585104 0.6864129 0.7947589 0.7324082 0.9241962 1.2972734 9.0000000 9.0000000 0.0000000 0.1675430 0.2169483 
Peripatus       0.2268839 0.2477090 0.2871886 0.3405504 0.8585695 0.6998814 0.6462670 0.8585695 0.6998814 9.0000000 1.6106092 0.1675430 0.0000000 0.1487624 
Miraluolishania 0.3448377 0.1994953 0.2377833 0.3985580 0.6462670 0.6998814 0.5610448 0.6462670 0.6998814 9.0000000 1.6106092 0.2169483 0.1487624 0.0000000 
