18
Cycloneuralia   0.0000000 0.1215477 0.1083460 0.3985580 0.3133358 0.4962936 0.7492867 0.1083460 0.1083460 9.0000000 1.4267108 1.4267108 2.3509070 1.4267108 1.0536336 0.6108605 0.5362485 1.4267108 
Paucipodia      0.1215477 0.0000000 0.0341955 0.1917880 0.1917880 0.3405504 0.3985580 0.1487624 0.2377833 1.3862944 1.1159843 0.9241962 0.7947589 0.7947589 0.6864129 0.3985580 0.4854923 0.5610448 
Microdictyon    0.1083460 0.0341955 0.0000000 0.1780419 0.1384262 0.3133358 0.3653101 0.1010333 0.2201611 1.8483925 1.3862944 1.1159843 0.9241962 0.9241962 0.7947589 0.3653101 0.3811909 0.6462670 
Hallucigenia    0.3985580 0.1917880 0.1780419 0.0000000 0.0310133 0.1780419 0.2123025 0.3133358 0.4832639 1.2217210 1.0094185 0.8486438 0.7440027 0.7440027 0.6462670 0.3013234 0.4216817 0.5323385 
Cardiodictyon   0.3133358 0.1917880 0.1384262 0.0310133 0.0000000 0.2201611 0.2553282 0.2651220 0.4216817 1.2217210 1.0094185 0.8486438 0.7440027 0.7440027 0.6462670 0.2553282 0.3653101 0.5323385 
O-ychodictyon   0.4962936 0.3405504 0.3133358 0.1780419 0.2201611 0.0000000 0.2651220 0.4832639 0.5511190 9.0000000 1.1159843 1.3862944 1.2972734 0.9241962 1.0849709 0.4832639 0.5793586 0.6462670 
Miraluolishania 0.7492867 0.3985580 0.3653101 0.2123025 0.2553282 0.2651220 0.0000000 0.3133358 0.6266715 1.2217210 1.0094185 0.8486438 0.8585695 0.6462670 0.7440027 0.2123025 0.4832639 0.4620981 
Diania          0.1083460 0.1487624 0.1010333 0.3133358 0.2651220 0.4832639 0.3133358 0.0000000 0.2651220 9.0000000 1.8483925 1.3862944 1.0849709 1.0849709 0.9241962 0.4216817 0.3263655 0.7440027 
Aysheaia        0.1083460 0.2377833 0.2201611 0.4832639 0.4216817 0.5511190 0.6266715 0.2651220 0.0000000 9.0000000 1.1945063 1.4648164 1.3651286 1.6784643 1.3651286 0.3653101 0.3811909 1.4096886 
Anomalocaris    9.0000000 1.3862944 1.8483925 1.2217210 1.2217210 9.0000000 1.2217210 9.0000000 9.0000000 0.0000000 0.1124151 0.1124151 0.3133358 0.5115034 0.4387039 1.5350567 1.5350567 0.6108605 
Laggania        1.4267108 1.1159843 1.3862944 1.0094185 1.0094185 1.1159843 1.0094185 1.8483925 1.1945063 0.1124151 0.0000000 0.1545344 0.5115034 0.5932383 0.3730772 1.2217210 0.8486438 0.5176859 
Hurdia          1.4267108 0.9241962 1.1159843 0.8486438 0.8486438 1.3862944 0.8486438 1.3862944 1.4648164 0.1124151 0.1545344 0.0000000 0.3133358 0.5115034 0.4387039 1.0094185 1.0094185 0.6108605 
Schinderhannes  2.3509070 0.7947589 0.9241962 0.7440027 0.7440027 1.2972734 0.8585695 1.0849709 1.3651286 0.3133358 0.5115034 0.3133358 0.0000000 0.2123025 0.2553282 0.9969958 0.9969958 0.3985580 
Fuxianhuia      1.4267108 0.7947589 0.9241962 0.7440027 0.7440027 0.9241962 0.6462670 1.0849709 1.6784643 0.5115034 0.5932383 0.5115034 0.2123025 0.0000000 0.0977356 0.7440027 0.9969958 0.1487624 
Leanchoilia     1.0536336 0.6864129 0.7947589 0.6462670 0.6462670 1.0849709 0.7440027 0.9241962 1.3651286 0.4387039 0.3730772 0.4387039 0.2553282 0.0977356 0.0000000 0.8585695 0.8585695 0.1083460 
Onychophora     0.6108605 0.3985580 0.3653101 0.3013234 0.2553282 0.4832639 0.2123025 0.4216817 0.3653101 1.5350567 1.2217210 1.0094185 0.9969958 0.7440027 0.8585695 0.0000000 0.4216817 0.5323385 
Tardigrada      0.5362485 0.4854923 0.3811909 0.4216817 0.3653101 0.5793586 0.4832639 0.3263655 0.3811909 1.5350567 0.8486438 1.0094185 0.9969958 0.9969958 0.8585695 0.4216817 0.0000000 0.8026485 
Euarthropoda    1.4267108 0.5610448 0.6462670 0.5323385 0.5323385 0.6462670 0.4620981 0.7440027 1.4096886 0.6108605 0.5176859 0.6108605 0.3985580 0.1487624 0.1083460 0.5323385 0.8026485 0.0000000 
